m = 1000;
u=500 ;
b = 50;
r = 10;
Kp = 800;
Ki = 40;